Update: 2025-04-01 05:54:24.405531
Update: 2025-04-01 05:55:52.631854
Update: 2025-04-01 06:00:02.952026
